8022
6144
9839
1994
6869
5073
0990
9673
0527
6485
  20
  21
  22
  23
  24
  25
  26
  27
  28
  29
  30
4635
7699
3853
1791
3392
4528
8959
 705
7134
9214
4245
2309
1644
4989
9536
9535
1077
9871
6501
1739
3426
6105
7883
3265
9681
4752
9920
 671
6007
 447
7156
2224
8145
2591
5596
3119
7119
4555
5405
5835
5352
9649
8144
8577
6220
7680
8112
7297
7551
6196
 618
2559
3883
8500
7405
3564
4834
7325
4235
2423
7771
2973
4646
7499
5563
 243
 618
4264
6379
6023
 100
1731
7254
8243
 308
3475
7505
   3
2354
6638
6198
2971
 779
  81
3054
8183
3645
7887
7091
9461
